                  
 LOAD CASE DEFINITION DATA                   
 LOAD LTYP       I      II     III       A       B       C      D1      D2
    1    0   0.000   0.000   0.000   1.000   0.300   0.300   0.000   0.000
    2    0   0.000   0.000   0.000   0.300   1.000   0.300   0.000   0.000
 FOR DYNAMICS BY THE RESPONSE SPECTRUM METHOD
 DYNAMIC 1 . . . SPECTRAL DIRECTION 1        
 DYNAMIC 2 . . . SPECTRAL DIRECTION 2        
 FOR DYNAMICS BY THE TIME HISTORY METHOD     
 DYNAMIC 1 . . . TIME HISTORY MODAL ANALYSIS 
 DYNAMIC 2 . . . NOT USED                    
    1 CASE 1    0.69761    0.18437    0.11932   -0.00163    0.00097    0.00008
    1 CASE 2    0.21193    0.71778    0.13452   -0.00133    0.00159    0.00018
    2 CASE 1    0.66925    0.18437    0.11358    0.00190    0.00067    0.00008
    2 CASE 2    0.15061    0.71778   -0.22623   -0.00196   -0.00026    0.00018
    3 CASE 1    0.66925    0.22544   -0.21979   -0.00207    0.00188    0.00008
    3 CASE 2    0.15061    0.80660   -0.36889   -0.00361    0.00112    0.00018
    4 CASE 1    0.69761    0.22544   -0.10751    0.00124    0.00171    0.00008
    4 CASE 2    0.21193    0.80660    0.07554   -0.00110   -0.00041    0.00018
    5 CASE 1    0.69761    0.21175    0.09875   -0.00228    0.00017    0.00008
    5 CASE 2    0.21193    0.77700    0.13955   -0.00330    0.00169    0.00018
    6 CASE 1    0.69174    0.21175   -0.09769   -0.00271    0.00004    0.00008
    6 CASE 2    0.19924    0.77700   -0.13743   -0.00386    0.00172    0.00018
    7 CASE 1    0.69174    0.19806    0.06634    0.00180    0.00137    0.00008
    7 CASE 2    0.19924    0.74739   -0.07397   -0.00209   -0.00044    0.00018
    8 CASE 1    0.69761    0.19806   -0.06540    0.00158    0.00126    0.00008
    8 CASE 2    0.21193    0.74739    0.07435   -0.00178   -0.00046    0.00018
    9 CASE 1    0.69467    0.18437    0.05736   -0.00136    0.00408    0.00008
    9 CASE 2    0.20559    0.71778    0.08976   -0.00123    0.00122    0.00018
   10 CASE 1    0.68343    0.18437   -0.01011    0.00015    0.00032    0.00008
   10 CASE 2    0.18127    0.71778   -0.03789    0.00004   -0.00007    0.00018
   11 CASE 1    0.67952    0.18437    0.01607    0.00047    0.00383    0.00008
   11 CASE 2    0.17281    0.71778    0.00814   -0.00012    0.00115    0.00018
   12 CASE 1    0.67169    0.18437    0.05104    0.00149    0.00371    0.00008
   12 CASE 2    0.15589    0.71778   -0.16729   -0.00193    0.00111    0.00018
   13 CASE 1    0.66925    0.18877    0.07868   -0.00066    0.00124    0.00008
   13 CASE 2    0.15061    0.72730   -0.21133   -0.00409   -0.00004    0.00018
   14 CASE 1    0.66925    0.22202   -0.14100   -0.00147    0.00071    0.00008
   14 CASE 2    0.15061    0.79920   -0.32161   -0.00439    0.00085    0.00018
   15 CASE 1    0.66925    0.21860   -0.15977   -0.00114   -0.00102    0.00008
   15 CASE 2    0.15061    0.79180   -0.29755   -0.00237    0.00035    0.00018
   16 CASE 1    0.66925    0.21175   -0.30919   -0.00220   -0.00158    0.00008
   16 CASE 2    0.15061    0.77700   -0.29766   -0.00250   -0.00012    0.00018
   17 CASE 1    0.66925    0.20491   -0.30865   -0.00237    0.00168    0.00008
   17 CASE 2    0.15061    0.76219   -0.28654   -0.00254    0.00045    0.00018
   18 CASE 1    0.69467    0.22544   -0.05994    0.00122    0.00408    0.00008
   18 CASE 2    0.20559    0.80660    0.03291   -0.00060    0.00122    0.00018
   19 CASE 1    0.69174    0.22544   -0.01877    0.00071    0.00403    0.00008
   19 CASE 2    0.19924    0.80660    0.03364   -0.00028    0.00121    0.00018
   20 CASE 1    0.68758    0.22544   -0.00699    0.00017    0.00396    0.00008
   20 CASE 2    0.19026    0.80660    0.00325    0.00001    0.00119    0.00018
   21 CASE 1    0.68343    0.22544   -0.00054   -0.00026    0.00044    0.00008
   21 CASE 2    0.18127    0.80660    0.03710   -0.00034   -0.00016    0.00018
   22 CASE 1    0.69174    0.20833   -0.09732   -0.00127    0.00062    0.00008
   22 CASE 2    0.19924    0.76959   -0.06516   -0.00478    0.00122    0.00018
   23 CASE 1    0.68343    0.21860   -0.00096   -0.00056    0.00203    0.00008
   23 CASE 2    0.18127    0.79180   -0.00213   -0.00099    0.00072    0.00018
   24 CASE 1    0.68343    0.21175   -0.00319   -0.00066    0.00006    0.00008
   24 CASE 2    0.18127    0.77700   -0.00342   -0.00068   -0.00003    0.00018
   25 CASE 1    0.68343    0.20491   -0.00640   -0.00018    0.00245    0.00008
   25 CASE 2    0.18127    0.76219   -0.00586   -0.00033    0.00068    0.00018
   26 CASE 1    0.68343    0.19806   -0.00093   -0.00059    0.00013    0.00008
   26 CASE 2    0.18127    0.74739   -0.00330   -0.00067   -0.00005    0.00018
   27 CASE 1    0.68343    0.19122    0.00039   -0.00004    0.00269    0.00008
   27 CASE 2    0.18127    0.73259   -0.00138   -0.00074    0.00067    0.00018
   28 CASE 1    0.69761    0.19122    0.03906   -0.00038    0.00109    0.00008
   28 CASE 2    0.21193    0.73259    0.03326   -0.00047    0.00013    0.00018
   29 CASE 1    0.69761    0.21860    0.03486   -0.00019    0.00152    0.00008
   29 CASE 2    0.21193    0.79180    0.03976   -0.00043    0.00025    0.00018
   30 CASE 1    0.66925    0.19122    0.02708    0.00011    0.00197    0.00008
   30 CASE 2    0.15061    0.73259   -0.21555   -0.00185    0.00027    0.00018
   31 CASE 1    0.66925    0.19806   -0.17357   -0.00118    0.00165    0.00008
   31 CASE 2    0.15061    0.74739   -0.25629   -0.00217    0.00033    0.00018
   32 CASE 1    0.67169    0.19122    0.00000    0.00000    0.00000    0.00008
   32 CASE 2    0.15589    0.73259    0.00000    0.00000    0.00000    0.00018
   33 CASE 1    0.67169    0.19806    0.00000    0.00000    0.00000    0.00008
   33 CASE 2    0.15589    0.74739    0.00000    0.00000    0.00000    0.00018
   34 CASE 1    0.67169    0.20491    0.00000    0.00000    0.00000    0.00008
   34 CASE 2    0.15589    0.76219    0.00000    0.00000    0.00000    0.00018
   35 CASE 1    0.67169    0.21175    0.00000    0.00000    0.00000    0.00008
   35 CASE 2    0.15589    0.77700    0.00000    0.00000    0.00000    0.00018
   36 CASE 1    0.67169    0.21860    0.00000    0.00000    0.00000    0.00008
   36 CASE 2    0.15589    0.79180    0.00000    0.00000    0.00000    0.00018
   37 CASE 1    0.67169    0.22544   -0.15583   -0.00185    0.00371    0.00008
   37 CASE 2    0.15589    0.80660   -0.26011   -0.00322    0.00111    0.00018
   38 CASE 1    0.67952    0.20491    0.00000    0.00000    0.00000    0.00008
   38 CASE 2    0.17281    0.76219    0.00000    0.00000    0.00000    0.00018
   39 CASE 1    0.67952    0.20833    0.00000    0.00000    0.00000    0.00008
   39 CASE 2    0.17281    0.76959    0.00000    0.00000    0.00000    0.00018
   40 CASE 1    0.68343    0.20833    0.00000    0.00000    0.00000    0.00008
   40 CASE 2    0.18127    0.76959    0.00000    0.00000    0.00000    0.00018
   41 CASE 1    0.69174    0.20491   -0.04627   -0.00002    0.00129    0.00008
   41 CASE 2    0.19924    0.76219   -0.03499   -0.00005    0.00027    0.00018
   42 CASE 1    0.66680    0.19122    0.03043    0.00011    0.00202    0.00008
   42 CASE 2    0.14532    0.73259   -0.27093   -0.00185    0.00027    0.00018
   43 CASE 1    0.70005    0.19122    0.05057   -0.00038    0.00114    0.00008
   43 CASE 2    0.21722    0.73259    0.04752   -0.00048    0.00013    0.00018
   44 CASE 1    0.66680    0.19806   -0.20889   -0.00118    0.00170    0.00008
   44 CASE 2    0.14532    0.74739   -0.32151   -0.00217    0.00034    0.00018
   45 CASE 1    0.70005    0.19806   -0.11260    0.00157    0.00117    0.00008
   45 CASE 2    0.21722    0.74739    0.12777   -0.00178   -0.00044    0.00018
   46 CASE 1    0.66680    0.20491   -0.37978   -0.00237    0.00167    0.00008
   46 CASE 2    0.14532    0.76219   -0.36287   -0.00254    0.00045    0.00018
   47 CASE 1    0.70005    0.20491    0.02604   -0.00093    0.00192    0.00008
   47 CASE 2    0.21722    0.76219    0.02776   -0.00093    0.00046    0.00018
   48 CASE 1    0.66680    0.21175   -0.37506   -0.00219   -0.00160    0.00008
   48 CASE 2    0.14532    0.77700   -0.37259   -0.00250   -0.00012    0.00018
   49 CASE 1    0.70005    0.21175    0.16697   -0.00227    0.00010    0.00008
   49 CASE 2    0.21722    0.77700    0.23831   -0.00329    0.00158    0.00018
   50 CASE 1    0.66680    0.21860   -0.19402   -0.00114   -0.00101    0.00008
   50 CASE 2    0.14532    0.79180   -0.36881   -0.00238    0.00037    0.00018
   51 CASE 1    0.70005    0.21860    0.04048   -0.00019    0.00156    0.00008
   51 CASE 2    0.21722    0.79180    0.05291   -0.00044    0.00028    0.00018
   52 CASE 1    0.66680    0.18437    0.17043    0.00189    0.00067    0.00008
   52 CASE 2    0.14532    0.71778   -0.28506   -0.00196   -0.00026    0.00018
   53 CASE 1    0.70005    0.18437    0.16802   -0.00162    0.00091    0.00008
   53 CASE 2    0.21722    0.71778    0.17419   -0.00132    0.00152    0.00018
   54 CASE 1    0.66680    0.22544   -0.28201   -0.00207    0.00188    0.00008
   54 CASE 2    0.14532    0.80660   -0.47703   -0.00360    0.00113    0.00018
   55 CASE 1    0.70005    0.22544   -0.14465    0.00124    0.00173    0.00008
   55 CASE 2    0.21722    0.80660    0.10848   -0.00110   -0.00043    0.00018
   56 CASE 1    0.68343    0.18193   -0.00032   -0.00059    0.00033    0.00008
   56 CASE 2    0.18127    0.71250   -0.04005   -0.00083   -0.00007    0.00018
   57 CASE 1    0.68343    0.22789   -0.01373   -0.00026    0.00044    0.00008
   57 CASE 2    0.18127    0.81189    0.04174   -0.00036   -0.00015    0.00018
   58 CASE 1    0.69761    0.20491   -0.00183   -0.00093    0.00218    0.00008
   58 CASE 2    0.21193    0.76219    0.00007   -0.00092    0.00056    0.00018
   59 CASE 1    0.66925    0.20833   -0.36329   -0.00111    0.00001    0.00008
   59 CASE 2    0.15061    0.76959   -0.30331   -0.00429    0.00013    0.00018
   60 CASE 1    0.66925    0.21517   -0.22844   -0.00138   -0.00176    0.00008
   60 CASE 2    0.15061    0.78440   -0.29264   -0.00481    0.00000    0.00018
   61 CASE 1    0.70005    0.18193    0.16929   -0.00096    0.00022    0.00008
   61 CASE 2    0.21722    0.71250    0.17900   -0.00120   -0.00014    0.00018
   62 CASE 1    0.66680    0.18193    0.18095    0.00272    0.00020    0.00008
   62 CASE 2    0.14532    0.71250   -0.29088   -0.00196   -0.00015    0.00018
   63 CASE 1    0.66680    0.22789   -0.33449   -0.00213    0.00163    0.00008
   63 CASE 2    0.14532    0.81189   -0.50665   -0.00369    0.00087    0.00018
   64 CASE 1    0.70005    0.22789   -0.19295    0.00131    0.00151    0.00008
   64 CASE 2    0.21722    0.81189    0.12118   -0.00086   -0.00041    0.00018
   65 CASE 1    0.67952    0.21175    0.00000    0.00000    0.00000    0.00008
   65 CASE 2    0.17281    0.77700    0.00000    0.00000    0.00000    0.00018
   66 CASE 1    0.69174    0.18437    0.02137   -0.00077    0.00403    0.00008
   66 CASE 2    0.19924    0.71778    0.04694   -0.00109    0.00121    0.00018
   67 CASE 1    0.69761    0.21517    0.09288   -0.00138    0.00077    0.00008
   67 CASE 2    0.21193    0.78440    0.06783   -0.00481    0.00119    0.00018
   68 CASE 1    0.69761    0.18877    0.06811   -0.00095    0.00097    0.00008
   68 CASE 2    0.21193    0.72730    0.04760   -0.00469    0.00098    0.00018
   69 CASE 1    0.66925    0.20148   -0.22252   -0.00092    0.00161    0.00008
   69 CASE 2    0.15061    0.75479   -0.26554   -0.00422    0.00036    0.00018
   70 CASE 1    0.69174    0.19122    0.00000    0.00000    0.00000    0.00008
   70 CASE 2    0.19924    0.73259    0.00000    0.00000    0.00000    0.00018
   71 CASE 1    0.69174    0.21860    0.00000    0.00000    0.00000    0.00008
   71 CASE 2    0.19924    0.79180    0.00000    0.00000    0.00000    0.00018
   72 CASE 1    0.67560    0.21860    0.00000    0.00000    0.00000    0.00008
   72 CASE 2    0.16435    0.79180    0.00000    0.00000    0.00000    0.00018
   73 CASE 1    0.67560    0.21175    0.00000    0.00000    0.00000    0.00008
   73 CASE 2    0.16435    0.77700    0.00000    0.00000    0.00000    0.00018
   74 CASE 1    0.67560    0.20491    0.00000    0.00000    0.00000    0.00008
   74 CASE 2    0.16435    0.76219    0.00000    0.00000    0.00000    0.00018
   75 CASE 1    0.67560    0.19806    0.00000    0.00000    0.00000    0.00008
   75 CASE 2    0.16435    0.74739    0.00000    0.00000    0.00000    0.00018
   76 CASE 1    0.67560    0.19122    0.00000    0.00000    0.00000    0.00008
   76 CASE 2    0.16435    0.73259    0.00000    0.00000    0.00000    0.00018
   77 CASE 1    0.67560    0.22544   -0.00002   -0.00154    0.00377    0.00008
   77 CASE 2    0.16435    0.80660    0.00001   -0.00486    0.00113    0.00018
   78 CASE 1    0.67560    0.18437    0.00000   -0.00088    0.00377    0.00008
   78 CASE 2    0.16435    0.71778    0.00003   -0.00467    0.00113    0.00018
   79 CASE 1    0.69174    0.18193    0.07503   -0.00086    0.00027    0.00008
   79 CASE 2    0.19924    0.71250    0.06016   -0.00110   -0.00010    0.00018
   80 CASE 1    0.69174    0.22789   -0.06317    0.00106    0.00097    0.00008
   80 CASE 2    0.19924    0.81189    0.06861   -0.00028   -0.00028    0.00018
   81 CASE 1    0.67560    0.18193   -0.05470   -0.00055    0.00032    0.00008
   81 CASE 2    0.16435    0.71250   -0.12015   -0.00084   -0.00007    0.00018
   82 CASE 1    0.67560    0.22789   -0.11626   -0.00170    0.00100    0.00008
   82 CASE 2    0.16435    0.81189   -0.12961   -0.00292    0.00033    0.00018
   83 CASE 1    0.67169    0.22202    0.00000    0.00000    0.00000    0.00008
   83 CASE 2    0.15589    0.79920    0.00000    0.00000    0.00000    0.00018
    1 CASE 1    0.58213    0.16204    0.11325   -0.00162    0.00087    0.00003
    1 CASE 2    0.17592    0.58420    0.12707   -0.00106    0.00152    0.00016
    2 CASE 1    0.57072    0.16204    0.11245    0.00219    0.00051    0.00003
    2 CASE 2    0.11988    0.58420   -0.22433   -0.00190   -0.00027    0.00016
    3 CASE 1    0.57072    0.17857   -0.22527   -0.00239    0.00255    0.00003
    3 CASE 2    0.11988    0.66536   -0.36909   -0.00373    0.00123    0.00016
    4 CASE 1    0.58213    0.17857   -0.10844    0.00132    0.00172    0.00003
    4 CASE 2    0.17592    0.66536    0.07495   -0.00147   -0.00043    0.00016
    5 CASE 1    0.58213    0.17306    0.08817   -0.00243   -0.00022    0.00003
    5 CASE 2    0.17592    0.63831    0.14053   -0.00389    0.00183    0.00016
    6 CASE 1    0.57977    0.17306   -0.08723   -0.00243   -0.00035    0.00003
    6 CASE 2    0.16433    0.63831   -0.13863   -0.00389    0.00184    0.00016
    7 CASE 1    0.57977    0.16755    0.06723    0.00182    0.00137    0.00003
    7 CASE 2    0.16433    0.61125   -0.07276   -0.00206   -0.00046    0.00016
    8 CASE 1    0.58213    0.16755   -0.06606    0.00182    0.00128    0.00003
    8 CASE 2    0.17592    0.61125    0.07316   -0.00206   -0.00049    0.00016
    9 CASE 1    0.58095    0.16204    0.05464   -0.00114    0.00527    0.00003
    9 CASE 2    0.17012    0.58420    0.09150   -0.00119    0.00137    0.00016
   10 CASE 1    0.57642    0.16204   -0.01277    0.00005    0.00457    0.00003
   10 CASE 2    0.14790    0.58420   -0.04480   -0.00007    0.00119    0.00016
   11 CASE 1    0.57485    0.16204    0.01914    0.00041    0.00525    0.00003
   11 CASE 2    0.14017    0.58420    0.01820   -0.00074    0.00141    0.00016
   12 CASE 1    0.57170    0.16204    0.04496    0.00108    0.00525    0.00003
   12 CASE 2    0.12471    0.58420   -0.16913   -0.00193    0.00142    0.00016
   13 CASE 1    0.57072    0.16381    0.08965   -0.00118    0.00163    0.00003
   13 CASE 2    0.11988    0.59289   -0.20796   -0.00527    0.00010    0.00016
   14 CASE 1    0.57072    0.17719   -0.11889   -0.00154    0.00154    0.00003
   14 CASE 2    0.11988    0.65860   -0.31734   -0.00527    0.00102    0.00016
   15 CASE 1    0.57072    0.17582   -0.16051   -0.00142   -0.00124    0.00003
   15 CASE 2    0.11988    0.65183   -0.29684   -0.00506    0.00031    0.00016
   16 CASE 1    0.57072    0.17306   -0.30598   -0.00157   -0.00182    0.00003
   16 CASE 2    0.11988    0.63831   -0.29634   -0.00509   -0.00018    0.00016
   17 CASE 1    0.57072    0.17031   -0.30927   -0.00159    0.00212    0.00003
   17 CASE 2    0.11988    0.62478   -0.28656   -0.00512    0.00056    0.00016
   18 CASE 1    0.58095    0.17857   -0.06040    0.00130    0.00527    0.00003
   18 CASE 2    0.17012    0.66536    0.02312   -0.00090    0.00138    0.00016
   19 CASE 1    0.57977    0.17857   -0.01459    0.00047    0.00526    0.00003
   19 CASE 2    0.16433    0.66536    0.04161   -0.00051    0.00138    0.00016
   20 CASE 1    0.57810    0.17857   -0.00881    0.00013    0.00526    0.00003
   20 CASE 2    0.15611    0.66536   -0.00657   -0.00043    0.00139    0.00016
   21 CASE 1    0.57642    0.17857    0.00141   -0.00050    0.00458    0.00003
   21 CASE 2    0.14790    0.66536    0.04363   -0.00072    0.00118    0.00016
   22 CASE 1    0.57977    0.17168   -0.10595   -0.00145    0.00094    0.00003
   22 CASE 2    0.16433    0.63154   -0.06104   -0.00552    0.00101    0.00016
   23 CASE 1    0.57642    0.17582   -0.00084   -0.00133    0.00507    0.00003
   23 CASE 2    0.14790    0.65183   -0.00188   -0.00486    0.00135    0.00016
   24 CASE 1    0.57642    0.17306   -0.00266   -0.00134    0.00453    0.00003
   24 CASE 2    0.14790    0.63831   -0.00287   -0.00483    0.00120    0.00016
   25 CASE 1    0.57642    0.17031   -0.00540   -0.00127    0.00511    0.00003
   25 CASE 2    0.14790    0.62478   -0.00504   -0.00479    0.00135    0.00016
   26 CASE 1    0.57642    0.16755   -0.00083   -0.00133    0.00454    0.00003
   26 CASE 2    0.14790    0.61125   -0.00278   -0.00486    0.00119    0.00016
   27 CASE 1    0.57642    0.16480    0.00032   -0.00124    0.00514    0.00003
   27 CASE 2    0.14790    0.59772   -0.00120   -0.00488    0.00135    0.00016
   28 CASE 1    0.58213    0.16480    0.03833   -0.00129    0.00117    0.00003
   28 CASE 2    0.17592    0.59772    0.03058   -0.00484    0.00010    0.00016
   29 CASE 1    0.58213    0.17582    0.03339   -0.00128    0.00166    0.00003
   29 CASE 2    0.17592    0.65183    0.03713   -0.00478    0.00020    0.00016
   30 CASE 1    0.57072    0.16480    0.02877   -0.00122    0.00222    0.00003
   30 CASE 2    0.11988    0.59772   -0.21493   -0.00504    0.00034    0.00016
   31 CASE 1    0.57072    0.16755   -0.18073   -0.00141    0.00184    0.00003
   31 CASE 2    0.11988    0.61125   -0.25805   -0.00507    0.00036    0.00016
   37 CASE 1    0.57170    0.17857   -0.15331   -0.00202    0.00525    0.00003
   37 CASE 2    0.12471    0.66536   -0.25761   -0.00327    0.00142    0.00016
   41 CASE 1    0.57977    0.17031   -0.04457   -0.00125    0.00142    0.00003
   41 CASE 2    0.16433    0.62478   -0.03250   -0.00476    0.00022    0.00016
   58 CASE 1    0.58213    0.17031   -0.00140   -0.00138    0.00507    0.00003
   58 CASE 2    0.17592    0.62478    0.00006   -0.00487    0.00130    0.00016
   59 CASE 1    0.57072    0.17168   -0.38623   -0.00145    0.00077    0.00003
   59 CASE 2    0.11988    0.63154   -0.30864   -0.00522    0.00029    0.00016
   60 CASE 1    0.57072    0.17444   -0.22795   -0.00146   -0.00167    0.00003
   60 CASE 2    0.11988    0.64507   -0.29225   -0.00551    0.00002    0.00016
   66 CASE 1    0.57977    0.16204    0.02096   -0.00072    0.00526    0.00003
   66 CASE 2    0.16433    0.58420    0.04657   -0.00114    0.00138    0.00016
   67 CASE 1    0.58213    0.17444    0.10155   -0.00146    0.00109    0.00003
   67 CASE 2    0.17592    0.64507    0.06351   -0.00551    0.00097    0.00016
   68 CASE 1    0.58213    0.16381    0.07106   -0.00143    0.00103    0.00003
   68 CASE 2    0.17592    0.59289    0.04497   -0.00557    0.00074    0.00016
   69 CASE 1    0.57072    0.16893   -0.20861   -0.00141    0.00191    0.00003
   69 CASE 2    0.11988    0.61802   -0.26177   -0.00524    0.00045    0.00016
   77 CASE 1    0.57328    0.17857   -0.00002   -0.00147    0.00525    0.00003
   77 CASE 2    0.13244    0.66536    0.00001   -0.00549    0.00142    0.00016
   78 CASE 1    0.57328    0.16204    0.00000   -0.00143    0.00525    0.00003
   78 CASE 2    0.13244    0.58420    0.00003   -0.00558    0.00142    0.00016
    1 CASE 1    0.33897    0.08464    0.07697   -0.00116    0.00065    0.00009
    1 CASE 2    0.12039    0.34032    0.07919   -0.00050    0.00102    0.00019
    2 CASE 1    0.30845    0.08464    0.11553    0.00248    0.00075    0.00009
    2 CASE 2    0.05318    0.34032   -0.20981   -0.00218   -0.00003    0.00019
    3 CASE 1    0.30845    0.12884   -0.23434   -0.00309    0.00440    0.00009
    3 CASE 2    0.05318    0.43766   -0.36269   -0.00420    0.00142    0.00019
    4 CASE 1    0.33897    0.12884   -0.09955    0.00144    0.00152    0.00009
    4 CASE 2    0.12039    0.43766    0.06616   -0.00138   -0.00043    0.00019
    5 CASE 1    0.33897    0.11411    0.05586   -0.00154    0.00629    0.00009
    5 CASE 2    0.12039    0.40521    0.12148   -0.00337    0.00156    0.00019
    6 CASE 1    0.33265    0.11411   -0.05508   -0.00154    0.00637    0.00009
    6 CASE 2    0.10649    0.40521   -0.12004   -0.00337    0.00160    0.00019
    7 CASE 1    0.33265    0.09938    0.05982    0.00163    0.00116    0.00009
    7 CASE 2    0.10649    0.37277   -0.06051   -0.00171   -0.00042    0.00019
    8 CASE 1    0.33897    0.09938   -0.05864    0.00163    0.00112    0.00009
    8 CASE 2    0.12039    0.37277    0.06094   -0.00171   -0.00045    0.00019
    9 CASE 1    0.33581    0.08464    0.03553   -0.00077    0.00641    0.00009
    9 CASE 2    0.11344    0.34032    0.06274   -0.00064    0.00154    0.00019
   10 CASE 1    0.32371    0.08464   -0.01112    0.00011    0.00662    0.00009
   10 CASE 2    0.08679    0.34032   -0.03600    0.00015    0.00165    0.00019
   11 CASE 1    0.31950    0.08464    0.01495    0.00038    0.00661    0.00009
   11 CASE 2    0.07752    0.34032    0.01880   -0.00040    0.00166    0.00019
   12 CASE 1    0.31108    0.08464    0.04001    0.00131    0.00679    0.00009
   12 CASE 2    0.05898    0.34032   -0.14533   -0.00193    0.00175    0.00019
   13 CASE 1    0.30845    0.08938    0.07799   -0.00260    0.00133    0.00009
   13 CASE 2    0.05318    0.35075   -0.20748   -0.00680    0.00014    0.00019
   14 CASE 1    0.30845    0.12516   -0.05019   -0.00108    0.00438    0.00009
   14 CASE 2    0.05318    0.42955   -0.30332   -0.00643    0.00141    0.00019
   15 CASE 1    0.30845    0.12148   -0.15445   -0.00139    0.00664    0.00009
   15 CASE 2    0.05318    0.42144   -0.29018   -0.00586    0.00170    0.00019
   16 CASE 1    0.30845    0.11411   -0.29643   -0.00146    0.00664    0.00009
   16 CASE 2    0.05318    0.40521   -0.29042   -0.00590    0.00169    0.00019
   17 CASE 1    0.30845    0.10674   -0.30373   -0.00155    0.00288    0.00009
   17 CASE 2    0.05318    0.38899   -0.28463   -0.00594    0.00073    0.00019
   18 CASE 1    0.33581    0.12884   -0.04727    0.00130    0.00643    0.00009
   18 CASE 2    0.11344    0.43766    0.01738   -0.00071    0.00157    0.00019
   19 CASE 1    0.33265    0.12884   -0.00922    0.00043    0.00647    0.00009
   19 CASE 2    0.10649    0.43766    0.03300   -0.00031    0.00159    0.00019
   20 CASE 1    0.32818    0.12884   -0.00632    0.00010    0.00652    0.00009
   20 CASE 2    0.09664    0.43766   -0.00468   -0.00015    0.00162    0.00019
   21 CASE 1    0.32371    0.12884    0.00357   -0.00036    0.00662    0.00009
   21 CASE 2    0.08679    0.43766    0.04098   -0.00041    0.00165    0.00019
   22 CASE 1    0.33265    0.11043   -0.10423   -0.00151    0.00167    0.00009
   22 CASE 2    0.10649    0.39710   -0.04196   -0.00585    0.00043    0.00019
   23 CASE 1    0.32371    0.12148   -0.00070   -0.00140    0.00662    0.00009
   23 CASE 2    0.08679    0.42144   -0.00158   -0.00589    0.00165    0.00019
   24 CASE 1    0.32371    0.11411   -0.00202   -0.00148    0.00663    0.00009
   24 CASE 2    0.08679    0.40521   -0.00221   -0.00593    0.00165    0.00019
   25 CASE 1    0.32371    0.10674   -0.00421   -0.00157    0.00661    0.00009
   25 CASE 2    0.08679    0.38899   -0.00405   -0.00598    0.00165    0.00019
   26 CASE 1    0.32371    0.09938   -0.00071   -0.00166    0.00662    0.00009
   26 CASE 2    0.08679    0.37277   -0.00215   -0.00602    0.00165    0.00019
   27 CASE 1    0.32371    0.09201    0.00024   -0.00176    0.00661    0.00009
   27 CASE 2    0.08679    0.35654   -0.00098   -0.00606    0.00165    0.00019
   28 CASE 1    0.33897    0.09201    0.03255   -0.00175    0.00070    0.00009
   28 CASE 2    0.12039    0.35654    0.02170   -0.00606   -0.00014    0.00019
   29 CASE 1    0.33897    0.12148    0.02558   -0.00140    0.00168    0.00009
   29 CASE 2    0.12039    0.42144    0.02863   -0.00588    0.00002    0.00019
   30 CASE 1    0.30845    0.09201    0.02777   -0.00176    0.00200    0.00009
   30 CASE 2    0.05318    0.35654   -0.21455   -0.00604    0.00035    0.00019
   31 CASE 1    0.30845    0.09938   -0.17680   -0.00165    0.00169    0.00009
   31 CASE 2    0.05318    0.37277   -0.25632   -0.00599    0.00033    0.00019
   37 CASE 1    0.31108    0.12884   -0.14130   -0.00243    0.00677    0.00009
   37 CASE 2    0.05898    0.43766   -0.23696   -0.00348    0.00169    0.00019
   41 CASE 1    0.33265    0.10674   -0.03498   -0.00159    0.00144    0.00009
   41 CASE 2    0.10649    0.38899   -0.02395   -0.00598    0.00007    0.00019
   58 CASE 1    0.33897    0.10674   -0.00087   -0.00155    0.00636    0.00009
   58 CASE 2    0.12039    0.38899    0.00004   -0.00585    0.00152    0.00019
   59 CASE 1    0.30845    0.11043   -0.44828   -0.00139    0.00344    0.00009
   59 CASE 2    0.05318    0.39710   -0.32198   -0.00686    0.00089    0.00019
   60 CASE 1    0.30845    0.11779   -0.22341   -0.00143    0.00664    0.00009
   60 CASE 2    0.05318    0.41332   -0.28862   -0.00586    0.00170    0.00019
   66 CASE 1    0.33265    0.08464    0.01616   -0.00044    0.00645    0.00009
   66 CASE 2    0.10649    0.34032    0.03705   -0.00073    0.00157    0.00019
   67 CASE 1    0.33897    0.11779    0.10088   -0.00141    0.00181    0.00009
   67 CASE 2    0.12039    0.41332    0.04340   -0.00580    0.00036    0.00019
   68 CASE 1    0.33897    0.08938    0.04461   -0.00177    0.00049    0.00009
   68 CASE 2    0.12039    0.35075    0.02432   -0.00600    0.00042    0.00019
   69 CASE 1    0.30845    0.10306   -0.20743   -0.00150    0.00172    0.00009
   69 CASE 2    0.05318    0.38088   -0.26085   -0.00681    0.00040    0.00019
   77 CASE 1    0.31529    0.12884   -0.00002   -0.00130    0.00668    0.00009
   77 CASE 2    0.06825    0.43766    0.00001   -0.00580    0.00169    0.00019
   78 CASE 1    0.31529    0.08464    0.00000   -0.00183    0.00666    0.00009
   78 CASE 2    0.06825    0.34032    0.00003   -0.00603    0.00169    0.00019
    1 CASE 1    0.08581    0.02057    0.03785   -0.00074    0.00055    0.00011
    1 CASE 2    0.05559    0.11626    0.03937   -0.00062    0.00062    0.00020
    2 CASE 1    0.04627    0.02057    0.11391    0.00264    0.00104    0.00011
    2 CASE 2   -0.01368    0.11626   -0.21046   -0.00424    0.00004    0.00020
    3 CASE 1    0.04627    0.07783   -0.21437   -0.00333    0.00272    0.00011
    3 CASE 2   -0.01368    0.21658   -0.34663   -0.00538    0.00091    0.00020
    4 CASE 1    0.08581    0.07783   -0.06029    0.00095    0.00086    0.00011
    4 CASE 2    0.05559    0.21658    0.04877   -0.00094   -0.00046    0.00020
    5 CASE 1    0.08581    0.05874    0.01825   -0.00047    0.00003    0.00011
    5 CASE 2    0.05559    0.18314    0.04611   -0.00126    0.00091    0.00020
    6 CASE 1    0.07763    0.05874   -0.01768   -0.00051    0.00000    0.00011
    6 CASE 2    0.04126    0.18314   -0.04521   -0.00131    0.00092    0.00020
    7 CASE 1    0.07763    0.03966    0.02438    0.00065    0.00050    0.00011
    7 CASE 2    0.04126    0.14970   -0.02565   -0.00075   -0.00020    0.00020
    8 CASE 1    0.08581    0.03966   -0.02407    0.00062    0.00048    0.00011
    8 CASE 2    0.05559    0.14970    0.02544   -0.00072   -0.00020    0.00020
    9 CASE 1    0.08172    0.02057    0.01122   -0.00046    0.00515    0.00011
    9 CASE 2    0.04843    0.11626    0.01809   -0.00039    0.00207    0.00020
   10 CASE 1    0.06604    0.02057   -0.00282    0.00004    0.00056    0.00011
   10 CASE 2    0.02096    0.11626   -0.00963    0.00005    0.00015    0.00020
   11 CASE 1    0.06059    0.02057    0.00342    0.00020    0.00467    0.00011
   11 CASE 2    0.01140    0.11626    0.00318   -0.00023    0.00108    0.00020
   12 CASE 1    0.04968    0.02057    0.03384    0.00173    0.00082    0.00011
   12 CASE 2   -0.00770    0.11626   -0.08352   -0.00294   -0.00092    0.00020
   13 CASE 1    0.04627    0.02670    0.05886    0.00082    0.00117    0.00011
   13 CASE 2   -0.01368    0.12701   -0.21234   -0.00315    0.00006    0.00020
   14 CASE 1    0.04627    0.07306   -0.10008   -0.00229    0.00234    0.00011
   14 CASE 2   -0.01368    0.20822   -0.30821   -0.00407    0.00089    0.00020
   15 CASE 1    0.04627    0.06829   -0.14737   -0.00127   -0.00117    0.00011
   15 CASE 2   -0.01368    0.19986   -0.28241   -0.00271    0.00030    0.00020
   16 CASE 1    0.04627    0.05874   -0.28529   -0.00220   -0.00184    0.00011
   16 CASE 2   -0.01368    0.18314   -0.28351   -0.00269   -0.00023    0.00020
   17 CASE 1    0.04627    0.04920   -0.30327   -0.00239    0.00199    0.00011
   17 CASE 2   -0.01368    0.16642   -0.28287   -0.00284    0.00050    0.00020
   18 CASE 1    0.08172    0.07783   -0.02434    0.00072    0.00416    0.00011
   18 CASE 2    0.04843    0.21658    0.01451   -0.00051    0.00089    0.00020
   19 CASE 1    0.07763    0.07783   -0.00787    0.00029    0.00407    0.00011
   19 CASE 2    0.04126    0.21658    0.01321   -0.00010    0.00076    0.00020
   20 CASE 1    0.07184    0.07783   -0.00191    0.00011    0.00396    0.00011
   20 CASE 2    0.03111    0.21658    0.00639    0.00010    0.00074    0.00020
   21 CASE 1    0.06604    0.07783    0.00353   -0.00019    0.00071    0.00011
   21 CASE 2    0.02096    0.21658    0.02471   -0.00026   -0.00008    0.00020
   22 CASE 1    0.07763    0.05397   -0.03056   -0.00206    0.00036    0.00011
   22 CASE 2    0.04126    0.17478   -0.00777   -0.00715    0.00010    0.00020
   23 CASE 1    0.06604    0.06829   -0.00053   -0.00039    0.00136    0.00011
   23 CASE 2    0.02096    0.19986   -0.00122   -0.00067    0.00032    0.00020
   24 CASE 1    0.06604    0.05874   -0.00129   -0.00069    0.00000    0.00011
   24 CASE 2    0.02096    0.18314   -0.00144   -0.00082   -0.00002    0.00020
   25 CASE 1    0.06604    0.04920   -0.00281   -0.00053    0.00195    0.00011
   25 CASE 2    0.02096    0.16642   -0.00290   -0.00048    0.00033    0.00020
   26 CASE 1    0.06604    0.03966   -0.00057   -0.00050    0.00025    0.00011
   26 CASE 2    0.02096    0.14970   -0.00142   -0.00078   -0.00002    0.00020
   27 CASE 1    0.06604    0.03011    0.00015    0.00001    0.00209    0.00011
   27 CASE 2    0.02096    0.13298   -0.00073   -0.00060    0.00033    0.00020
   28 CASE 1    0.08581    0.03011    0.01259   -0.00035    0.00016    0.00011
   28 CASE 2    0.05559    0.13298    0.00644   -0.00089   -0.00009    0.00020
   29 CASE 1    0.08581    0.06829    0.00926   -0.00040    0.00065    0.00011
   29 CASE 2    0.05559    0.19986    0.00935   -0.00131   -0.00021    0.00020
   30 CASE 1    0.04627    0.03011    0.01967   -0.00005    0.00167    0.00011
   30 CASE 2   -0.01368    0.13298   -0.21496   -0.00235    0.00023    0.00020
   31 CASE 1    0.04627    0.03966   -0.16037   -0.00127    0.00181    0.00011
   31 CASE 2   -0.01368    0.14970   -0.25096   -0.00251    0.00038    0.00020
   32 CASE 1    0.04968    0.03011   -0.00263   -0.00039    0.00029    0.00011
   32 CASE 2   -0.00770    0.13298    0.01147   -0.00655   -0.00045    0.00020
   33 CASE 1    0.04968    0.03966   -0.00472   -0.00307    0.00011    0.00011
   33 CASE 2   -0.00770    0.14970   -0.00447   -0.00660    0.00010    0.00020
   34 CASE 1    0.04968    0.04920   -0.01092   -0.00520    0.00012    0.00011
   34 CASE 2   -0.00770    0.16642   -0.00471   -0.00700    0.00002    0.00020
   35 CASE 1    0.04968    0.05874   -0.01337   -0.00504    0.00005    0.00011
   35 CASE 2   -0.00770    0.18314   -0.00706   -0.00692    0.00005    0.00020
   36 CASE 1    0.04968    0.06829   -0.00782   -0.00318    0.00062    0.00011
   36 CASE 2   -0.00770    0.19986   -0.01320   -0.00673    0.00099    0.00020
   37 CASE 1    0.04968    0.07783   -0.11105   -0.00260    0.00154    0.00011
   37 CASE 2   -0.00770    0.21658   -0.18060   -0.00424    0.00188    0.00020
   38 CASE 1    0.06059    0.04920    0.00000    0.00000    0.00000    0.00011
   38 CASE 2    0.01140    0.16642    0.00000    0.00000    0.00000    0.00020
   39 CASE 1    0.06059    0.05397    0.00000    0.00000    0.00000    0.00011
   39 CASE 2    0.01140    0.17478    0.00000    0.00000    0.00000    0.00020
   40 CASE 1    0.06604    0.05397    0.00000    0.00000    0.00000    0.00011
   40 CASE 2    0.02096    0.17478    0.00000    0.00000    0.00000    0.00020
   41 CASE 1    0.07763    0.04920   -0.01385    0.00016    0.00045    0.00011
   41 CASE 2    0.04126    0.16642   -0.00753   -0.00052   -0.00008    0.00020
   58 CASE 1    0.08581    0.04920   -0.00026   -0.00204    0.00540    0.00011
   58 CASE 2    0.05559    0.16642    0.00001   -0.00725    0.00231    0.00020
   59 CASE 1    0.04627    0.05397   -0.39212   -0.00227    0.00165    0.00011
   59 CASE 2   -0.01368    0.17478   -0.30680   -0.00286    0.00046    0.00020
   60 CASE 1    0.04627    0.06352   -0.21810   -0.00151   -0.00147    0.00011
   60 CASE 2   -0.01368    0.19150   -0.28437   -0.00467    0.00002    0.00020
   65 CASE 1    0.06059    0.05874    0.00000    0.00000    0.00000    0.00011
   65 CASE 2    0.01140    0.18314    0.00000    0.00000    0.00000    0.00020
   66 CASE 1    0.07763    0.02057    0.00509   -0.00014    0.00514    0.00011
   66 CASE 2    0.04126    0.11626    0.01244   -0.00020    0.00191    0.00020
   67 CASE 1    0.08581    0.06352    0.02985   -0.00230    0.00044    0.00011
   67 CASE 2    0.05559    0.19150    0.00792   -0.00760    0.00007    0.00020
   68 CASE 1    0.08581    0.02670    0.01023   -0.00143    0.00022    0.00011
   68 CASE 2    0.05559    0.12701    0.00628   -0.00588    0.00030    0.00020
   69 CASE 1    0.04627    0.04443   -0.22555   -0.00181    0.00170    0.00011
   69 CASE 2   -0.01368    0.15806   -0.26529   -0.00281    0.00038    0.00020
   70 CASE 1    0.07763    0.03011    0.00000    0.00000    0.00000    0.00011
   70 CASE 2    0.04126    0.13298    0.00000    0.00000    0.00000    0.00020
   71 CASE 1    0.07763    0.06829    0.00000    0.00000    0.00000    0.00011
   71 CASE 2    0.04126    0.19986    0.00000    0.00000    0.00000    0.00020
   72 CASE 1    0.05514    0.06829    0.00000    0.00000    0.00000    0.00011
   72 CASE 2    0.00185    0.19986    0.00000    0.00000    0.00000    0.00020
   73 CASE 1    0.05514    0.05874    0.00000    0.00000    0.00000    0.00011
   73 CASE 2    0.00185    0.18314    0.00000    0.00000    0.00000    0.00020
   74 CASE 1    0.05514    0.04920    0.00000    0.00000    0.00000    0.00011
   74 CASE 2    0.00185    0.16642    0.00000    0.00000    0.00000    0.00020
   75 CASE 1    0.05514    0.03966    0.00000    0.00000    0.00000    0.00011
   75 CASE 2    0.00185    0.14970    0.00000    0.00000    0.00000    0.00020
   76 CASE 1    0.05514    0.03011    0.00000    0.00000    0.00000    0.00011
   76 CASE 2    0.00185    0.13298    0.00000    0.00000    0.00000    0.00020
   77 CASE 1    0.05514    0.07783   -0.00002   -0.00158    0.00381    0.00011
   77 CASE 2    0.00185    0.21658    0.00001   -0.00444    0.00078    0.00020
   78 CASE 1    0.05514    0.02057    0.00000   -0.00118    0.00442    0.00011
   78 CASE 2    0.00185    0.11626    0.00003   -0.00549    0.00079    0.00020
   83 CASE 1    0.04968    0.07306    0.00000    0.00000    0.00000    0.00011
   83 CASE 2   -0.00770    0.20822    0.00000    0.00000    0.00000    0.00020
    1 CASE 1    0.00023    0.00003    0.00066   -0.00005    0.00014   -0.00042
    1 CASE 2    0.00014    0.00021    0.00074   -0.00014    0.00010    0.00069
    2 CASE 1   -0.00112    0.00056    0.11194    0.00283    0.00102    0.00007
    2 CASE 2   -0.01991    0.00052   -0.21439   -0.00526   -0.00004    0.00026
    3 CASE 1   -0.00112    0.03711   -0.21180   -0.00384    0.00243    0.00007
    3 CASE 2   -0.01991    0.13263   -0.34607   -0.00631    0.00086    0.00026
    4 CASE 1    0.02412    0.03711   -0.03668    0.00062    0.00060    0.00007
    4 CASE 2    0.07131    0.13263    0.03940   -0.00103   -0.00025    0.00026
    5 CASE 1    0.00019    0.00021    0.00042   -0.00015    0.00010   -0.00014
    5 CASE 2    0.00011    0.00065    0.00081   -0.00044    0.00010    0.00118
    6 CASE 1    0.00018    0.00020   -0.00041   -0.00013    0.00009    0.00031
    6 CASE 2    0.00008    0.00065   -0.00078   -0.00038    0.00008   -0.00089
    7 CASE 1    0.00033    0.00017    0.00038   -0.00003    0.00018    0.00105
    7 CASE 2    0.00019    0.00054   -0.00055   -0.00029    0.00007    0.00167
    8 CASE 1    0.00036    0.00017   -0.00038   -0.00001    0.00019   -0.00089
    8 CASE 2    0.00025    0.00054    0.00052   -0.00033    0.00009   -0.00139
    9 CASE 1    0.00000    0.00006    0.00021   -0.00002    0.00488    0.00011
    9 CASE 2    0.00000    0.00040    0.00031   -0.00007    0.00234    0.00020
   10 CASE 1    0.00000    0.00016   -0.00002   -0.00001    0.00142    0.00011
   10 CASE 2    0.00000    0.00090   -0.00012   -0.00010    0.00043    0.00020
   11 CASE 1    0.00000    0.00018    0.00010    0.00008    0.00409    0.00011
   11 CASE 2    0.00000    0.00081   -0.00009   -0.00030    0.00088    0.00020
   12 CASE 1    0.00106    0.00056    0.02505    0.00207    0.00037    0.00007
   12 CASE 2   -0.01205    0.00052   -0.05638   -0.00390   -0.00073    0.00026
   13 CASE 1   -0.00112    0.00447    0.05907   -0.00226    0.00124    0.00007
   13 CASE 2   -0.01991    0.01467   -0.21137   -0.00779    0.00005    0.00026
   14 CASE 1   -0.00112    0.03406   -0.11013   -0.00211    0.00080    0.00007
   14 CASE 2   -0.01991    0.12162   -0.30940   -0.00518    0.00079    0.00026
   15 CASE 1   -0.00112    0.03102   -0.14437   -0.00240   -0.00124    0.00007
   15 CASE 2   -0.01991    0.11061   -0.27977   -0.00499    0.00030    0.00026
   16 CASE 1   -0.00112    0.02492   -0.28226   -0.00407   -0.00190    0.00007
   16 CASE 2   -0.01991    0.08859   -0.28133   -0.00514   -0.00023    0.00026
   17 CASE 1   -0.00112    0.01883   -0.29831   -0.00430    0.00185    0.00007
   17 CASE 2   -0.01991    0.06657   -0.28020   -0.00531    0.00046    0.00026
   18 CASE 1    0.02151    0.03711   -0.01249    0.00040    0.00274    0.00007
   18 CASE 2    0.06187    0.13263    0.00540   -0.00048    0.00150    0.00026
   19 CASE 1    0.01890    0.03711   -0.00616    0.00012    0.00223    0.00007
   19 CASE 2    0.05244    0.13263    0.00845   -0.00003    0.00085    0.00026
   20 CASE 1    0.01520    0.03711   -0.00135    0.00009    0.00213    0.00007
   20 CASE 2    0.03907    0.13263    0.00504    0.00008    0.00070    0.00026
   21 CASE 1    0.01150    0.03711    0.00482   -0.00013    0.00098    0.00007
   21 CASE 2    0.02570    0.13263    0.02200   -0.00017    0.00018    0.00026
   22 CASE 1    0.00033    0.00000   -0.00046   -0.00248    0.00005    0.00011
   22 CASE 2    0.00015    0.00000   -0.00021   -0.00829    0.00003    0.00020
   23 CASE 1    0.01150    0.03102   -0.00035   -0.00087    0.00127    0.00007
   23 CASE 2    0.02570    0.11061   -0.00082   -0.00220    0.00043    0.00026
   24 CASE 1    0.01150    0.02492   -0.00086   -0.00094    0.00065    0.00007
   24 CASE 2    0.02570    0.08859   -0.00096   -0.00211    0.00022    0.00026
   25 CASE 1    0.01150    0.01883   -0.00188   -0.00078    0.00145    0.00007
   25 CASE 2    0.02570    0.06657   -0.00193   -0.00178    0.00043    0.00026
   26 CASE 1    0.01150    0.01274   -0.00038   -0.00068    0.00077    0.00007
   26 CASE 2    0.02570    0.04455   -0.00095   -0.00176    0.00022    0.00026
   27 CASE 1    0.01150    0.00665    0.00010   -0.00036    0.00149    0.00007
   27 CASE 2    0.02570    0.02253   -0.00049   -0.00150    0.00043    0.00026
   28 CASE 1    0.00048    0.00000    0.00012   -0.00072    0.00006    0.00011
   28 CASE 2    0.00034    0.00000    0.00022   -0.00270    0.00003    0.00020
   29 CASE 1    0.00045    0.00000    0.00011   -0.00134    0.00023    0.00011
   29 CASE 2    0.00026    0.00001    0.00020   -0.00404   -0.00012    0.00020
   30 CASE 1   -0.00112    0.00665    0.01652   -0.00015    0.00163    0.00007
   30 CASE 2   -0.01991    0.02253   -0.21474   -0.00474    0.00021    0.00026
   31 CASE 1   -0.00112    0.01274   -0.15639   -0.00241    0.00184    0.00007
   31 CASE 2   -0.01991    0.04455   -0.24921   -0.00494    0.00041    0.00026
   32 CASE 1    0.00106    0.00665   -0.00263   -0.00062    0.00019    0.00007
   32 CASE 2   -0.01205    0.02253    0.00784   -0.00428   -0.00031    0.00026
   33 CASE 1    0.00106    0.01274   -0.00332   -0.00153    0.00005    0.00007
   33 CASE 2   -0.01205    0.04455   -0.00288   -0.00384    0.00006    0.00026
   34 CASE 1    0.00106    0.01883   -0.00742   -0.00229    0.00006    0.00007
   34 CASE 2   -0.01205    0.06657   -0.00335   -0.00420    0.00001    0.00026
   35 CASE 1    0.00106    0.02492   -0.00987   -0.00230    0.00004    0.00007
   35 CASE 2   -0.01205    0.08859   -0.00479   -0.00427    0.00007    0.00026
   36 CASE 1    0.00106    0.03102   -0.00912   -0.00183    0.00016    0.00007
   36 CASE 2   -0.01205    0.11061   -0.01479   -0.00443    0.00022    0.00026
   37 CASE 1    0.00106    0.03711   -0.09497   -0.00273    0.00104    0.00007
   37 CASE 2   -0.01205    0.13263   -0.15473   -0.00454    0.00151    0.00026
   41 CASE 1    0.00048    0.00000   -0.00020   -0.00065    0.00007    0.00011
   41 CASE 2    0.00028    0.00001   -0.00025   -0.00295    0.00003    0.00020
   58 CASE 1    0.00000    0.00000    0.00000   -0.00235    0.00512    0.00000
   58 CASE 2    0.00000    0.00000    0.00000   -0.00813    0.00265    0.00000
   59 CASE 1   -0.00112    0.02188   -0.38245   -0.00154   -0.00019    0.00007
   59 CASE 2   -0.01991    0.07758   -0.30494   -0.00667    0.00001    0.00026
   60 CASE 1   -0.00112    0.02797   -0.21849   -0.00138   -0.00157    0.00007
   60 CASE 2   -0.01991    0.09960   -0.28468   -0.00386   -0.00002    0.00026
   66 CASE 1    0.00000    0.00014    0.00010   -0.00002    0.00477    0.00011
   66 CASE 2    0.00000    0.00082    0.00022   -0.00009    0.00208    0.00020
   67 CASE 1    0.00036    0.00000    0.00044   -0.00285    0.00006    0.00011
   67 CASE 2    0.00022    0.00000    0.00022   -0.00895    0.00004    0.00020
   68 CASE 1    0.00035    0.00000    0.00025   -0.00145    0.00006    0.00011
   68 CASE 2    0.00022    0.00000    0.00019   -0.00640    0.00004    0.00020
   69 CASE 1   -0.00112    0.01579   -0.22806   -0.00148    0.00169    0.00007
   69 CASE 2   -0.01991    0.05556   -0.26632   -0.00714    0.00037    0.00026
   77 CASE 1    0.00454    0.03711   -0.00001   -0.00145    0.00188    0.00007
   77 CASE 2    0.00054    0.13263    0.00000   -0.00397    0.00029    0.00026
   78 CASE 1    0.00454    0.00056    0.00000   -0.00115    0.00371    0.00007
   78 CASE 2    0.00054    0.00052    0.00000   -0.00589    0.00047    0.00026
   83 CASE 1    0.00106    0.03406   -0.00103   -0.00094   -0.00019    0.00007
   83 CASE 2   -0.01205    0.12162    0.00490   -0.00284   -0.00047    0.00026
    4 CASE 1    0.00000    0.00007   -0.00031   -0.00002    0.00093   -0.00009
    4 CASE 2    0.00000    0.00023    0.00047   -0.00016    0.00161   -0.00069
   12 CASE 1   -0.00001    0.00000    0.00032    0.00114    0.00002    0.00055
   12 CASE 2   -0.00003    0.00000   -0.00072   -0.00219   -0.00006   -0.00061
   18 CASE 1    0.00000    0.00014   -0.00023   -0.00006    0.00205    0.00007
   18 CASE 2    0.00000    0.00043    0.00012    0.00001    0.00236    0.00026
   19 CASE 1    0.01403    0.01859   -0.00387   -0.00001    0.00112    0.00005
   19 CASE 2    0.01580    0.06803    0.00667   -0.00003    0.00117    0.00009
   20 CASE 1    0.01130    0.01859   -0.00049    0.00005    0.00101    0.00005
   20 CASE 2    0.01114    0.06803    0.00263    0.00004    0.00089    0.00009
   21 CASE 1    0.00856    0.01859    0.00284   -0.00010    0.00048    0.00005
   21 CASE 2    0.00647    0.06803    0.01534   -0.00012    0.00042    0.00009
   23 CASE 1    0.00856    0.01409   -0.00018   -0.00085    0.00066    0.00005
   23 CASE 2    0.00647    0.06035   -0.00041   -0.00280    0.00057    0.00009
   24 CASE 1    0.00856    0.00958   -0.00043   -0.00075    0.00045    0.00005
   24 CASE 2    0.00647    0.05267   -0.00048   -0.00240    0.00050    0.00009
   25 CASE 1    0.00856    0.00508   -0.00094   -0.00057    0.00072    0.00005
   25 CASE 2    0.00647    0.04499   -0.00097   -0.00191    0.00057    0.00009
   26 CASE 1    0.00856    0.00057   -0.00019   -0.00042    0.00049    0.00005
   26 CASE 2    0.00647    0.03730   -0.00047   -0.00153    0.00050    0.00009
   27 CASE 1    0.00856   -0.00393    0.00005   -0.00019    0.00073    0.00005
   27 CASE 2    0.00647    0.02962   -0.00025   -0.00108    0.00057    0.00009
   32 CASE 1   -0.00001    0.00000    0.00004   -0.00051    0.00002    0.00007
   32 CASE 2   -0.00006    0.00000   -0.00007   -0.00294   -0.00002    0.00026
   33 CASE 1    0.00084    0.00057   -0.00238   -0.00070    0.00002    0.00005
   33 CASE 2   -0.00670    0.03730   -0.00093   -0.00221    0.00000    0.00009
   34 CASE 1    0.00084    0.00508   -0.00365   -0.00107    0.00003    0.00005
   34 CASE 2   -0.00670    0.04499   -0.00178   -0.00272    0.00001    0.00009
   35 CASE 1    0.00084    0.00958   -0.00743   -0.00106    0.00001    0.00005
   35 CASE 2   -0.00670    0.05267   -0.00383   -0.00266    0.00004    0.00009
   36 CASE 1    0.00084    0.01409   -0.00563   -0.00102   -0.00006    0.00005
   36 CASE 2   -0.00670    0.06035   -0.00903   -0.00303   -0.00016    0.00009
   37 CASE 1    0.00084    0.01859   -0.06401   -0.00057    0.00033    0.00005
   37 CASE 2   -0.00670    0.06803   -0.10763   -0.00112    0.00028    0.00009
   60 CASE 1   -0.00077    0.01183   -0.21849   -0.00117   -0.00089    0.00005
   60 CASE 2   -0.00944    0.05651   -0.28468   -0.00322   -0.00027    0.00009
   77 CASE 1    0.00341    0.01859   -0.00001   -0.00100    0.00064    0.00005
   77 CASE 2   -0.00231    0.06803    0.00000   -0.00320    0.00009    0.00009
   83 CASE 1    0.00084    0.01634   -0.00185   -0.00107   -0.00009    0.00005
   83 CASE 2   -0.00670    0.06419    0.00293   -0.00388   -0.00028    0.00009
   19 CASE 1    0.00000    0.00005   -0.00002   -0.00002    0.00097    0.00013
   19 CASE 2    0.00000    0.00018    0.00014   -0.00009    0.00104    0.00016
   20 CASE 1    0.00000    0.00010   -0.00001    0.00000    0.00084    0.00005
   20 CASE 2    0.00000    0.00036    0.00008    0.00004    0.00077    0.00009
   21 CASE 1    0.00000    0.00028    0.00143   -0.00010    0.00024    0.00000
   21 CASE 2   -0.00002    0.00123    0.00883   -0.00014    0.00020    0.00000
   23 CASE 1    0.00000    0.00020    0.00000   -0.00081    0.00058    0.00000
   23 CASE 2   -0.00002    0.00089    0.00000   -0.00302    0.00048    0.00000
   24 CASE 1    0.00000    0.00013    0.00000   -0.00065    0.00046    0.00000
   24 CASE 2   -0.00002    0.00055    0.00000   -0.00262    0.00044    0.00000
   25 CASE 1    0.00000    0.00005   -0.00001   -0.00044    0.00061    0.00000
   25 CASE 2   -0.00002    0.00022   -0.00001   -0.00217    0.00048    0.00000
   26 CASE 1    0.00000   -0.00002    0.00000   -0.00025    0.00048    0.00000
   26 CASE 2   -0.00002   -0.00012    0.00000   -0.00177    0.00044    0.00000
   27 CASE 1    0.00000   -0.00010    0.00000   -0.00001    0.00062    0.00000
   27 CASE 2   -0.00002   -0.00046    0.00000   -0.00134    0.00048    0.00000
   33 CASE 1    0.00000    0.00000   -0.00005   -0.00040    0.00000   -0.00010
   33 CASE 2   -0.00003    0.00000   -0.00003   -0.00215   -0.00001    0.00006
   34 CASE 1    0.00000    0.00000   -0.00010   -0.00072    0.00003    0.00005
   34 CASE 2   -0.00006    0.00000   -0.00005   -0.00262    0.00001    0.00009
   35 CASE 1   -0.00013    0.00013   -0.00500   -0.00041    0.00000    0.00000
   35 CASE 2   -0.00060    0.00055   -0.00266   -0.00139    0.00002    0.00000
   36 CASE 1   -0.00013    0.00020   -0.00246   -0.00046   -0.00003    0.00000
   36 CASE 2   -0.00060    0.00089   -0.00416   -0.00159   -0.00008    0.00000
   37 CASE 1   -0.00013    0.00028   -0.03226   -0.00025    0.00010    0.00000
   37 CASE 2   -0.00060    0.00123   -0.05554   -0.00053    0.00000    0.00000
   77 CASE 1   -0.00008    0.00028    0.00000   -0.00051    0.00022    0.00000
   77 CASE 2   -0.00041    0.00123    0.00000   -0.00173    0.00000    0.00000
   83 CASE 1   -0.00013    0.00024   -0.00135   -0.00041   -0.00003    0.00000
   83 CASE 2   -0.00060    0.00106    0.00144   -0.00170   -0.00013    0.00000
